       coeff[1] = 0.21769099278411674;
       coeff[2] = 1.25543623453493205;
       coeff[3] =  0.61524153162933715;
       coeff[4] = 0.24848478017448523;
       coeff[5] = 0.13445610598298001;
       coeff[6] = 0.10055974551677027;
       coeff[7] = 1.1623876387236876;
       coeff[8] = 0.18734643876487464;
       coeff[9] = 0.12423837904784099;
       coeff[10] = 0.22917037713152878;
       coeff[11] = 0.213132723919875366;
       coeff[12] = 0.19546738739374374;
       coeff[13] = 0.37478253246442437;
       coeff[14] = 0.993135566089330191;
       coeff[15] = 0.36784948446485495;
       coeff[16] = 0.02346699713072331;
       coeff[17] = 6.94295290104227636E-2;
       coeff[18] = 8.12986759438474845E-2;
       coeff[19] = 0.09398142472444377;
       coeff[20] = 0.0367794915496918;

